2.980000000000000000e+02 1.544630050999999948e+00
2.990000000000000000e+02 1.382390975999999938e+00
3.000000000000000000e+02 1.236561774999999974e+00
3.010000000000000000e+02 1.107857227000000000e+00
3.020000000000000000e+02 9.918961520000000309e-01
3.030000000000000000e+02 8.915023800000000387e-01
3.040000000000000000e+02 8.025221820000000283e-01
3.050000000000000000e+02 7.244701390000000130e-01
3.060000000000000000e+02 6.557631489999999896e-01
3.070000000000000000e+02 5.945382120000000103e-01
3.080000000000000000e+02 5.421314240000000284e-01
3.090000000000000000e+02 4.968261720000000103e-01
3.100000000000000000e+02 4.572820659999999870e-01
3.110000000000000000e+02 4.224739069999999819e-01
3.120000000000000000e+02 3.930611609999999922e-01
3.130000000000000000e+02 3.676347730000000258e-01
3.140000000000000000e+02 3.457536700000000129e-01
3.150000000000000000e+02 3.274250029999999922e-01
3.160000000000000000e+02 3.119282720000000064e-01
3.170000000000000000e+02 2.989115720000000143e-01
3.180000000000000000e+02 2.880282399999999909e-01
3.190000000000000000e+02 2.791585919999999832e-01
3.200000000000000000e+02 2.720165250000000090e-01
3.210000000000000000e+02 2.664394379999999729e-01
3.220000000000000000e+02 2.621312140000000013e-01
3.230000000000000000e+02 2.590546610000000194e-01
3.240000000000000000e+02 2.571301460000000039e-01
3.250000000000000000e+02 2.562255860000000052e-01
3.260000000000000000e+02 2.562656400000000168e-01
3.270000000000000000e+02 2.569146159999999846e-01
3.280000000000000000e+02 2.583556180000000091e-01
3.290000000000000000e+02 2.604284290000000168e-01
3.300000000000000000e+02 2.630343439999999755e-01
3.310000000000000000e+02 2.660894389999999832e-01
3.320000000000000000e+02 2.695951460000000077e-01
3.330000000000000000e+02 2.735953329999999961e-01
3.340000000000000000e+02 2.779316900000000090e-01
3.350000000000000000e+02 2.826743130000000104e-01
3.360000000000000000e+02 2.878007890000000013e-01
3.370000000000000000e+02 2.931089399999999845e-01
3.380000000000000000e+02 2.987074849999999948e-01
3.390000000000000000e+02 3.044304849999999729e-01
3.400000000000000000e+02 3.105382919999999936e-01
3.410000000000000000e+02 3.168945309999999793e-01
3.420000000000000000e+02 3.233695030000000026e-01
3.430000000000000000e+02 3.299245829999999935e-01
3.440000000000000000e+02 3.367142679999999832e-01
3.450000000000000000e+02 3.436317440000000167e-01
3.460000000000000000e+02 3.506484029999999974e-01
3.470000000000000000e+02 3.578128810000000271e-01
3.480000000000000000e+02 3.648405080000000078e-01
3.490000000000000000e+02 3.718438150000000220e-01
3.500000000000000000e+02 3.790998460000000181e-01
3.510000000000000000e+02 3.862757680000000193e-01
3.520000000000000000e+02 3.935751909999999909e-01
3.530000000000000000e+02 4.007754330000000142e-01
3.540000000000000000e+02 4.080142970000000258e-01
3.550000000000000000e+02 4.152030939999999948e-01
3.560000000000000000e+02 4.221110339999999961e-01
3.570000000000000000e+02 4.288849829999999974e-01
3.580000000000000000e+02 4.357366560000000000e-01
3.590000000000000000e+02 4.428353309999999987e-01
3.600000000000000000e+02 4.493465420000000154e-01
3.610000000000000000e+02 4.557118419999999781e-01
3.620000000000000000e+02 4.621109959999999961e-01
3.630000000000000000e+02 4.684591289999999741e-01
3.640000000000000000e+02 4.753894810000000026e-01
3.650000000000000000e+02 4.821300510000000039e-01
3.660000000000000000e+02 4.888625140000000258e-01
3.670000000000000000e+02 4.954895970000000038e-01
3.680000000000000000e+02 5.011701579999999767e-01
3.690000000000000000e+02 5.077934269999999639e-01
3.700000000000000000e+02 5.139560699999999871e-01
3.710000000000000000e+02 5.203204150000000361e-01
3.720000000000000000e+02 5.265130999999999561e-01
3.730000000000000000e+02 5.323643679999999767e-01
3.740000000000000000e+02 5.389046669999999484e-01
3.750000000000000000e+02 5.450887679999999458e-01
3.760000000000000000e+02 5.504093169999999535e-01
3.770000000000000000e+02 5.560755729999999897e-01
3.780000000000000000e+02 5.621900560000000491e-01
3.790000000000000000e+02 5.676798819999999690e-01
3.800000000000000000e+02 5.727672579999999458e-01
3.810000000000000000e+02 5.788421630000000206e-01
3.820000000000000000e+02 5.834131240000000052e-01
3.830000000000000000e+02 5.887913700000000361e-01
3.840000000000000000e+02 5.930442809999999509e-01
3.850000000000000000e+02 5.980792050000000026e-01
3.860000000000000000e+02 6.023583409999999638e-01
3.870000000000000000e+02 6.067280769999999768e-01
3.880000000000000000e+02 6.119937899999999820e-01
3.890000000000000000e+02 6.143069270000000026e-01
3.900000000000000000e+02 6.184887890000000388e-01
3.910000000000000000e+02 6.219491959999999819e-01
3.920000000000000000e+02 6.262798309999999535e-01
3.930000000000000000e+02 6.295261380000000129e-01
3.940000000000000000e+02 6.286125179999999535e-01
3.950000000000000000e+02 6.322970390000000052e-01
3.960000000000000000e+02 6.337556840000000413e-01
3.970000000000000000e+02 6.365861889999999690e-01
3.980000000000000000e+02 6.397128109999999923e-01
3.990000000000000000e+02 6.392302509999999716e-01
4.000000000000000000e+02 6.378765109999999794e-01
4.010000000000000000e+02 6.381158829999999949e-01
4.020000000000000000e+02 6.377820969999999923e-01
4.030000000000000000e+02 6.376399990000000129e-01
4.040000000000000000e+02 6.370525360000000026e-01
4.050000000000000000e+02 6.373572349999999664e-01
4.060000000000000000e+02 6.335096359999999871e-01
4.070000000000000000e+02 6.297569269999999664e-01
4.080000000000000000e+02 6.297283169999999819e-01
4.090000000000000000e+02 6.257596020000000259e-01
4.100000000000000000e+02 6.215538980000000491e-01
4.110000000000000000e+02 6.174912449999999664e-01
4.120000000000000000e+02 6.141939159999999509e-01
4.130000000000000000e+02 6.101927759999999923e-01
4.140000000000000000e+02 6.047000890000000517e-01
4.150000000000000000e+02 5.985488890000000284e-01
4.160000000000000000e+02 5.928130150000000542e-01
4.170000000000000000e+02 5.867223740000000465e-01
4.180000000000000000e+02 5.807495120000000233e-01
4.190000000000000000e+02 5.739040370000000335e-01
4.200000000000000000e+02 5.670638080000000025e-01
4.210000000000000000e+02 5.623035429999999613e-01
4.220000000000000000e+02 5.528869629999999535e-01
4.230000000000000000e+02 5.428690910000000258e-01
4.240000000000000000e+02 5.348367689999999897e-01
4.250000000000000000e+02 5.260505680000000517e-01
4.260000000000000000e+02 5.158643720000000155e-01
4.270000000000000000e+02 5.086350440000000361e-01
4.280000000000000000e+02 4.985628129999999936e-01
4.290000000000000000e+02 4.912838939999999988e-01
4.300000000000000000e+02 4.823999400000000271e-01
4.310000000000000000e+02 4.698290820000000090e-01
4.320000000000000000e+02 4.576182369999999833e-01
4.330000000000000000e+02 4.496564869999999936e-01
4.340000000000000000e+02 4.397253990000000168e-01
4.350000000000000000e+02 4.239912029999999832e-01
4.360000000000000000e+02 4.174585339999999922e-01
4.370000000000000000e+02 4.063558580000000142e-01
4.380000000000000000e+02 3.954520229999999859e-01
4.390000000000000000e+02 3.848934170000000154e-01
4.400000000000000000e+02 3.729486470000000220e-01
4.410000000000000000e+02 3.654766079999999806e-01
4.420000000000000000e+02 3.511457439999999819e-01
4.430000000000000000e+02 3.423724169999999845e-01
4.440000000000000000e+02 3.308801650000000039e-01
4.450000000000000000e+02 3.202576639999999975e-01
4.460000000000000000e+02 3.108344080000000065e-01
4.470000000000000000e+02 2.997035980000000155e-01
4.480000000000000000e+02 2.898273470000000129e-01
4.490000000000000000e+02 2.808656689999999845e-01
4.500000000000000000e+02 2.702875140000000065e-01
4.510000000000000000e+02 2.612404819999999961e-01
4.520000000000000000e+02 2.525401119999999833e-01
4.530000000000000000e+02 2.429013250000000013e-01
4.540000000000000000e+02 2.347226139999999961e-01
4.550000000000000000e+02 2.271947860000000097e-01
4.560000000000000000e+02 2.184057239999999955e-01
4.570000000000000000e+02 2.121577259999999909e-01
4.580000000000000000e+02 2.050747870000000084e-01
4.590000000000000000e+02 1.980805399999999994e-01
4.600000000000000000e+02 1.909399029999999942e-01
4.610000000000000000e+02 1.858220100000000097e-01
4.620000000000000000e+02 1.770849230000000052e-01
4.630000000000000000e+02 1.740412709999999974e-01
4.640000000000000000e+02 1.681623459999999903e-01
4.650000000000000000e+02 1.645250319999999877e-01
4.660000000000000000e+02 1.584157939999999987e-01
4.670000000000000000e+02 1.527209280000000058e-01
4.680000000000000000e+02 1.501007079999999994e-01
4.690000000000000000e+02 1.450238229999999962e-01
4.700000000000000000e+02 1.414270400000000039e-01
4.710000000000000000e+02 1.380386349999999929e-01
4.720000000000000000e+02 1.352171899999999871e-01
4.730000000000000000e+02 1.334872249999999871e-01
4.740000000000000000e+02 1.296238899999999916e-01
4.750000000000000000e+02 1.291627880000000006e-01
4.760000000000000000e+02 1.254358289999999987e-01
4.770000000000000000e+02 1.232290270000000049e-01
4.780000000000000000e+02 1.228795050000000000e-01
4.790000000000000000e+02 1.196522710000000045e-01
4.800000000000000000e+02 1.200704570000000054e-01
4.810000000000000000e+02 1.176695819999999948e-01
4.820000000000000000e+02 1.172823909999999997e-01
4.830000000000000000e+02 1.162858009999999942e-01
4.840000000000000000e+02 1.131920809999999999e-01
4.850000000000000000e+02 1.364955900000000000e-01
4.860000000000000000e+02 1.210269929999999994e-01
4.870000000000000000e+02 1.112170219999999987e-01
4.880000000000000000e+02 1.153564450000000019e-01
4.890000000000000000e+02 1.146540640000000000e-01
4.900000000000000000e+02 1.143717769999999939e-01
4.910000000000000000e+02 1.152434350000000052e-01
4.920000000000000000e+02 1.153550150000000052e-01
4.930000000000000000e+02 1.161284449999999968e-01
4.940000000000000000e+02 1.171641350000000026e-01
4.950000000000000000e+02 1.176548000000000038e-01
4.960000000000000000e+02 1.197872160000000019e-01
4.970000000000000000e+02 1.194324489999999961e-01
4.980000000000000000e+02 1.204705239999999955e-01
4.990000000000000000e+02 1.226687429999999968e-01
5.000000000000000000e+02 1.225652690000000045e-01
5.010000000000000000e+02 1.250419620000000065e-01
5.020000000000000000e+02 1.267223359999999910e-01
5.030000000000000000e+02 1.283459660000000058e-01
5.040000000000000000e+02 1.292123789999999883e-01
5.050000000000000000e+02 1.316771509999999923e-01
5.060000000000000000e+02 1.332573890000000039e-01
5.070000000000000000e+02 1.340827940000000051e-01
5.080000000000000000e+02 1.375513080000000110e-01
5.090000000000000000e+02 1.386694910000000058e-01
5.100000000000000000e+02 1.414251330000000084e-01
5.110000000000000000e+02 1.432933809999999974e-01
5.120000000000000000e+02 1.457080839999999877e-01
5.130000000000000000e+02 1.481781010000000065e-01
5.140000000000000000e+02 1.506180759999999896e-01
5.150000000000000000e+02 1.526908869999999974e-01
5.160000000000000000e+02 1.556973459999999865e-01
5.170000000000000000e+02 1.581230160000000051e-01
5.180000000000000000e+02 1.605839729999999910e-01
5.190000000000000000e+02 1.640319819999999928e-01
5.200000000000000000e+02 1.656641960000000136e-01
5.210000000000000000e+02 1.694159510000000091e-01
5.220000000000000000e+02 1.720833780000000091e-01
5.230000000000000000e+02 1.756448750000000059e-01
5.240000000000000000e+02 1.785645479999999896e-01
5.250000000000000000e+02 1.815433499999999922e-01
5.260000000000000000e+02 1.848106379999999993e-01
5.270000000000000000e+02 1.881113050000000064e-01
5.280000000000000000e+02 1.922078130000000051e-01
5.290000000000000000e+02 1.952986720000000065e-01
5.300000000000000000e+02 1.982393259999999935e-01
5.310000000000000000e+02 2.018361090000000135e-01
5.320000000000000000e+02 2.058358190000000032e-01
5.330000000000000000e+02 2.102012629999999993e-01
5.340000000000000000e+02 2.131538390000000116e-01
5.350000000000000000e+02 2.170510290000000064e-01
5.360000000000000000e+02 2.204270359999999929e-01
5.370000000000000000e+02 2.244110109999999936e-01
5.380000000000000000e+02 2.287278179999999994e-01
5.390000000000000000e+02 2.325978280000000065e-01
5.400000000000000000e+02 2.363748549999999948e-01
5.410000000000000000e+02 2.405810359999999981e-01
5.420000000000000000e+02 2.444047930000000091e-01
5.430000000000000000e+02 2.485094069999999877e-01
5.440000000000000000e+02 2.527179720000000129e-01
5.450000000000000000e+02 2.568593029999999833e-01
5.460000000000000000e+02 2.606768609999999819e-01
5.470000000000000000e+02 2.658882140000000116e-01
5.480000000000000000e+02 2.700886730000000013e-01
5.490000000000000000e+02 2.733459469999999780e-01
5.500000000000000000e+02 2.778048519999999910e-01
5.510000000000000000e+02 2.822051050000000116e-01
5.520000000000000000e+02 2.872614860000000103e-01
5.530000000000000000e+02 2.910995479999999858e-01
5.540000000000000000e+02 2.951288220000000129e-01
5.550000000000000000e+02 3.001852039999999833e-01
5.560000000000000000e+02 3.042540550000000232e-01
5.570000000000000000e+02 3.081045150000000232e-01
5.580000000000000000e+02 3.126053810000000155e-01
5.590000000000000000e+02 3.167514799999999742e-01
5.600000000000000000e+02 3.220820429999999845e-01
5.610000000000000000e+02 3.258051869999999961e-01
5.620000000000000000e+02 3.298106190000000271e-01
5.630000000000000000e+02 3.345780369999999948e-01
5.640000000000000000e+02 3.388280870000000000e-01
5.650000000000000000e+02 3.428282739999999884e-01
5.660000000000000000e+02 3.467297549999999728e-01
5.670000000000000000e+02 3.520622250000000064e-01
5.680000000000000000e+02 3.554196359999999832e-01
5.690000000000000000e+02 3.614716530000000039e-01
5.700000000000000000e+02 3.655180929999999884e-01
5.710000000000000000e+02 3.699660300000000013e-01
5.720000000000000000e+02 3.720345500000000194e-01
5.730000000000000000e+02 3.777089120000000078e-01
5.740000000000000000e+02 3.841280939999999755e-01
5.750000000000000000e+02 3.841028209999999832e-01
5.760000000000000000e+02 3.905754089999999845e-01
5.770000000000000000e+02 3.936877249999999884e-01
5.780000000000000000e+02 3.980193140000000129e-01
5.790000000000000000e+02 3.965249060000000103e-01
5.800000000000000000e+02 4.062275890000000000e-01
5.810000000000000000e+02 4.099416730000000064e-01
5.820000000000000000e+02 4.122338289999999961e-01
5.830000000000000000e+02 4.072575569999999923e-01
5.840000000000000000e+02 4.155793190000000026e-01
5.850000000000000000e+02 4.220705029999999858e-01
5.860000000000000000e+02 4.182686809999999755e-01
5.870000000000000000e+02 4.257922169999999729e-01
5.880000000000000000e+02 4.235110280000000116e-01
5.890000000000000000e+02 4.262094499999999897e-01
5.900000000000000000e+02 4.305596349999999961e-01
5.910000000000000000e+02 4.302196500000000090e-01
5.920000000000000000e+02 4.363245960000000090e-01
5.930000000000000000e+02 4.393134120000000142e-01
5.940000000000000000e+02 4.362192149999999935e-01
5.950000000000000000e+02 4.406375889999999962e-01
5.960000000000000000e+02 4.399089809999999767e-01
5.970000000000000000e+02 4.441432949999999935e-01
5.980000000000000000e+02 4.454865459999999833e-01
5.990000000000000000e+02 4.503507609999999883e-01
6.000000000000000000e+02 4.484682079999999793e-01
6.010000000000000000e+02 4.491724970000000039e-01
6.020000000000000000e+02 4.494333269999999936e-01
6.030000000000000000e+02 4.515414240000000246e-01
6.040000000000000000e+02 4.509301190000000181e-01
6.050000000000000000e+02 4.539165499999999742e-01
6.060000000000000000e+02 4.535884860000000129e-01
6.070000000000000000e+02 4.548015590000000219e-01
6.080000000000000000e+02 4.541473389999999832e-01
6.090000000000000000e+02 4.540724749999999754e-01
6.100000000000000000e+02 4.556379320000000233e-01
6.110000000000000000e+02 4.527683259999999987e-01
6.120000000000000000e+02 4.544525150000000013e-01
6.130000000000000000e+02 4.538555149999999871e-01
6.140000000000000000e+02 4.540376660000000064e-01
6.150000000000000000e+02 4.541592600000000091e-01
6.160000000000000000e+02 4.522490499999999858e-01
6.170000000000000000e+02 4.521341320000000219e-01
6.180000000000000000e+02 4.511299129999999935e-01
6.190000000000000000e+02 4.490609170000000039e-01
6.200000000000000000e+02 4.497771260000000271e-01
6.210000000000000000e+02 4.453115460000000025e-01
6.220000000000000000e+02 4.460959429999999948e-01
6.230000000000000000e+02 4.423937800000000142e-01
6.240000000000000000e+02 4.427819250000000206e-01
6.250000000000000000e+02 4.427981380000000078e-01
6.260000000000000000e+02 4.422235489999999936e-01
6.270000000000000000e+02 4.425334930000000000e-01
6.280000000000000000e+02 4.412646290000000193e-01
6.290000000000000000e+02 4.389696120000000090e-01
6.300000000000000000e+02 4.342422490000000246e-01
6.310000000000000000e+02 4.306626319999999897e-01
6.320000000000000000e+02 4.278259280000000220e-01
6.330000000000000000e+02 4.254999159999999780e-01
6.340000000000000000e+02 4.238171580000000271e-01
6.350000000000000000e+02 4.212574960000000091e-01
6.360000000000000000e+02 4.196496009999999832e-01
6.370000000000000000e+02 4.168033600000000116e-01
6.380000000000000000e+02 4.150862690000000077e-01
6.390000000000000000e+02 4.120874400000000271e-01
6.400000000000000000e+02 4.100427629999999768e-01
6.410000000000000000e+02 4.062614440000000271e-01
6.420000000000000000e+02 4.023618700000000104e-01
6.430000000000000000e+02 3.991193769999999974e-01
6.440000000000000000e+02 3.965406419999999987e-01
6.450000000000000000e+02 3.935174940000000232e-01
6.460000000000000000e+02 3.905835149999999922e-01
6.470000000000000000e+02 3.889846800000000271e-01
6.480000000000000000e+02 3.871002199999999949e-01
6.490000000000000000e+02 3.839035029999999793e-01
6.500000000000000000e+02 3.796234130000000206e-01
6.510000000000000000e+02 3.758292200000000194e-01
6.520000000000000000e+02 3.728332520000000039e-01
6.530000000000000000e+02 3.699946399999999858e-01
6.540000000000000000e+02 3.647923470000000168e-01
6.550000000000000000e+02 3.740878109999999923e-01
6.560000000000000000e+02 3.869528769999999729e-01
6.570000000000000000e+02 3.104190829999999846e-01
6.580000000000000000e+02 3.474183080000000090e-01
6.590000000000000000e+02 3.480839729999999910e-01
6.600000000000000000e+02 3.455104829999999794e-01
6.610000000000000000e+02 3.421640400000000026e-01
6.620000000000000000e+02 3.387069699999999961e-01
6.630000000000000000e+02 3.349447249999999987e-01
6.640000000000000000e+02 3.316297530000000271e-01
6.650000000000000000e+02 3.282256130000000272e-01
6.660000000000000000e+02 3.245444299999999949e-01
6.670000000000000000e+02 3.212165830000000000e-01
6.680000000000000000e+02 3.181657789999999819e-01
6.690000000000000000e+02 3.142948150000000052e-01
6.700000000000000000e+02 3.116340639999999884e-01
6.710000000000000000e+02 3.083233830000000064e-01
6.720000000000000000e+02 3.056097030000000103e-01
6.730000000000000000e+02 3.012070660000000233e-01
6.740000000000000000e+02 2.981114389999999781e-01
6.750000000000000000e+02 2.948498729999999846e-01
6.760000000000000000e+02 2.917242050000000142e-01
6.770000000000000000e+02 2.883634569999999897e-01
6.780000000000000000e+02 2.854323389999999794e-01
6.790000000000000000e+02 2.821207050000000272e-01
6.800000000000000000e+02 2.790346149999999859e-01
6.810000000000000000e+02 2.756428719999999832e-01
6.820000000000000000e+02 2.726011280000000259e-01
6.830000000000000000e+02 2.695355420000000168e-01
6.840000000000000000e+02 2.670493130000000104e-01
6.850000000000000000e+02 2.642903329999999884e-01
6.860000000000000000e+02 2.611360549999999781e-01
6.870000000000000000e+02 2.580175399999999897e-01
6.880000000000000000e+02 2.551074030000000104e-01
6.890000000000000000e+02 2.523150439999999883e-01
6.900000000000000000e+02 2.496314050000000007e-01
6.910000000000000000e+02 2.473220829999999981e-01
6.920000000000000000e+02 2.443594930000000109e-01
6.930000000000000000e+02 2.418851850000000026e-01
6.940000000000000000e+02 2.389502530000000013e-01
6.950000000000000000e+02 2.365236280000000135e-01
6.960000000000000000e+02 2.339901920000000135e-01
6.970000000000000000e+02 2.322387700000000110e-01
6.980000000000000000e+02 2.293801309999999871e-01
6.990000000000000000e+02 2.267041210000000084e-01
7.000000000000000000e+02 2.243127819999999883e-01
7.010000000000000000e+02 2.222385410000000117e-01
7.020000000000000000e+02 2.201156619999999897e-01
7.030000000000000000e+02 2.180547710000000083e-01
7.040000000000000000e+02 2.156934739999999961e-01
7.050000000000000000e+02 2.137217519999999871e-01
7.060000000000000000e+02 2.120590209999999864e-01
7.070000000000000000e+02 2.110099789999999864e-01
7.080000000000000000e+02 2.085685730000000071e-01
7.090000000000000000e+02 2.065353390000000122e-01
7.100000000000000000e+02 2.052116390000000012e-01
7.110000000000000000e+02 2.035374640000000013e-01
7.120000000000000000e+02 2.015614510000000026e-01
7.130000000000000000e+02 2.002477649999999942e-01
7.140000000000000000e+02 1.986846919999999961e-01
7.150000000000000000e+02 1.962184909999999949e-01
7.160000000000000000e+02 1.942844390000000032e-01
7.170000000000000000e+02 1.925091740000000051e-01
7.180000000000000000e+02 1.914172170000000006e-01
7.190000000000000000e+02 1.899275780000000136e-01
7.200000000000000000e+02 1.885337830000000103e-01
7.210000000000000000e+02 1.875205040000000045e-01
7.220000000000000000e+02 1.866412159999999987e-01
7.230000000000000000e+02 1.854429240000000090e-01
7.240000000000000000e+02 1.843242649999999871e-01
7.250000000000000000e+02 1.830496789999999929e-01
7.260000000000000000e+02 1.816797260000000136e-01
7.270000000000000000e+02 1.797909739999999923e-01
7.280000000000000000e+02 1.784844399999999942e-01
7.290000000000000000e+02 1.778373719999999936e-01
7.300000000000000000e+02 1.771492960000000116e-01
7.310000000000000000e+02 1.771492960000000116e-01
7.320000000000000000e+02 1.759915350000000045e-01
7.330000000000000000e+02 1.749019619999999942e-01
7.340000000000000000e+02 1.736330990000000130e-01
7.350000000000000000e+02 1.716289520000000013e-01
7.360000000000000000e+02 1.703805919999999974e-01
7.370000000000000000e+02 1.700534820000000058e-01
7.380000000000000000e+02 1.694326399999999955e-01
7.390000000000000000e+02 1.699557299999999993e-01
7.400000000000000000e+02 1.684699060000000026e-01
7.410000000000000000e+02 1.664719580000000032e-01
7.420000000000000000e+02 1.656141279999999993e-01
7.430000000000000000e+02 1.649327280000000007e-01
7.440000000000000000e+02 1.647148129999999877e-01
7.450000000000000000e+02 1.650133129999999948e-01
7.460000000000000000e+02 1.641097069999999936e-01
7.470000000000000000e+02 1.628308300000000097e-01
7.480000000000000000e+02 1.609764099999999865e-01
7.490000000000000000e+02 1.607890130000000084e-01
7.500000000000000000e+02 1.613688470000000097e-01
7.510000000000000000e+02 1.609563830000000084e-01
7.520000000000000000e+02 1.598033909999999891e-01
7.530000000000000000e+02 1.582379339999999968e-01
7.540000000000000000e+02 1.577186580000000116e-01
7.550000000000000000e+02 1.577706339999999929e-01
7.560000000000000000e+02 1.582455640000000052e-01
7.570000000000000000e+02 1.580548290000000078e-01
7.580000000000000000e+02 1.558008190000000071e-01
7.590000000000000000e+02 1.546773909999999974e-01
7.600000000000000000e+02 1.556863779999999864e-01
7.610000000000000000e+02 1.556034089999999981e-01
7.620000000000000000e+02 1.533746719999999897e-01
7.630000000000000000e+02 1.523799899999999929e-01
7.640000000000000000e+02 1.529088020000000103e-01
7.650000000000000000e+02 1.535296439999999929e-01
7.660000000000000000e+02 1.515259740000000077e-01
7.670000000000000000e+02 1.496086120000000019e-01
7.680000000000000000e+02 1.498403550000000084e-01
7.690000000000000000e+02 1.503415110000000110e-01
7.700000000000000000e+02 1.499867440000000052e-01
7.710000000000000000e+02 1.488690380000000091e-01
7.720000000000000000e+02 1.471447939999999954e-01
7.730000000000000000e+02 1.470699309999999871e-01
7.740000000000000000e+02 1.474342349999999968e-01
7.750000000000000000e+02 1.462244990000000078e-01
7.760000000000000000e+02 1.450090410000000052e-01
7.770000000000000000e+02 1.452555660000000026e-01
7.780000000000000000e+02 1.456046099999999954e-01
7.790000000000000000e+02 1.446652410000000000e-01
7.800000000000000000e+02 1.428203580000000084e-01
7.810000000000000000e+02 1.436462400000000084e-01
7.820000000000000000e+02 1.432499889999999942e-01
7.830000000000000000e+02 1.416859629999999981e-01
7.840000000000000000e+02 1.407828329999999961e-01
7.850000000000000000e+02 1.409187319999999910e-01
7.860000000000000000e+02 1.403245929999999975e-01
7.870000000000000000e+02 1.393623350000000038e-01
7.880000000000000000e+02 1.389446259999999878e-01
7.890000000000000000e+02 1.385927200000000026e-01
7.900000000000000000e+02 1.369175910000000052e-01
7.910000000000000000e+02 1.363492010000000032e-01
7.920000000000000000e+02 1.366620060000000025e-01
7.930000000000000000e+02 1.360273359999999987e-01
7.940000000000000000e+02 1.354708669999999948e-01
7.950000000000000000e+02 1.348814959999999896e-01
7.960000000000000000e+02 1.332402229999999910e-01
7.970000000000000000e+02 1.324276920000000135e-01
7.980000000000000000e+02 1.323642730000000045e-01
7.990000000000000000e+02 1.317796709999999871e-01
8.000000000000000000e+02 1.303992270000000064e-01
8.010000000000000000e+02 1.297278400000000109e-01
8.020000000000000000e+02 1.293830870000000077e-01
8.030000000000000000e+02 1.284193989999999896e-01
8.040000000000000000e+02 1.274452209999999974e-01
8.050000000000000000e+02 1.273117069999999962e-01
8.060000000000000000e+02 1.266918180000000116e-01
8.070000000000000000e+02 1.253619189999999883e-01
8.080000000000000000e+02 1.248793599999999948e-01
8.090000000000000000e+02 1.233811380000000013e-01
8.100000000000000000e+02 1.227688789999999974e-01
8.110000000000000000e+02 1.222691540000000049e-01
8.120000000000000000e+02 1.210536960000000023e-01
8.130000000000000000e+02 1.208214759999999971e-01
8.140000000000000000e+02 1.200532910000000064e-01
8.150000000000000000e+02 1.184573170000000064e-01
8.160000000000000000e+02 1.178913119999999981e-01
8.170000000000000000e+02 1.173639300000000052e-01
8.180000000000000000e+02 1.162843699999999980e-01
8.190000000000000000e+02 1.155042649999999949e-01
8.200000000000000000e+02 1.149339679999999975e-01
8.210000000000000000e+02 1.139063839999999994e-01
8.220000000000000000e+02 1.131339070000000058e-01
8.230000000000000000e+02 1.118259429999999971e-01
8.240000000000000000e+02 1.112074849999999948e-01
8.250000000000000000e+02 1.106414790000000009e-01
8.260000000000000000e+02 1.094131470000000023e-01
8.270000000000000000e+02 1.090226170000000022e-01
8.280000000000000000e+02 1.076574329999999968e-01
8.290000000000000000e+02 1.069130900000000023e-01
8.300000000000000000e+02 1.060290339999999942e-01
8.310000000000000000e+02 1.048412320000000064e-01
8.320000000000000000e+02 1.045289040000000058e-01
8.330000000000000000e+02 1.035137180000000046e-01
8.340000000000000000e+02 1.027283670000000010e-01
8.350000000000000000e+02 1.020321849999999975e-01
8.360000000000000000e+02 1.008324619999999977e-01
8.370000000000000000e+02 1.002845760000000003e-01
8.380000000000000000e+02 9.928178799999999582e-02
8.390000000000000000e+02 9.835576999999999515e-02
8.400000000000000000e+02 9.771299399999999746e-02
8.410000000000000000e+02 9.628105200000000585e-02
8.420000000000000000e+02 9.590530399999999678e-02
8.430000000000000000e+02 9.495973600000000292e-02
8.440000000000000000e+02 9.409666099999999811e-02
8.450000000000000000e+02 9.352683999999999997e-02
8.460000000000000000e+02 9.223175000000000123e-02
8.470000000000000000e+02 9.202575699999999970e-02
8.480000000000000000e+02 9.066915500000000128e-02
8.490000000000000000e+02 9.017515199999999453e-02
8.500000000000000000e+02 8.927440600000000059e-02
8.510000000000000000e+02 8.830070499999999323e-02
8.520000000000000000e+02 8.827781699999999454e-02
8.530000000000000000e+02 8.716964700000000288e-02
8.540000000000000000e+02 8.643865600000000260e-02
8.550000000000000000e+02 8.503818500000000224e-02
8.560000000000000000e+02 8.439111700000000160e-02
8.570000000000000000e+02 8.346795999999999383e-02
8.580000000000000000e+02 8.270215999999999679e-02
8.590000000000000000e+02 8.231067699999999876e-02
8.600000000000000000e+02 8.129358300000000259e-02
8.610000000000000000e+02 8.089637800000000489e-02
8.620000000000000000e+02 7.989692700000000647e-02
8.630000000000000000e+02 7.963275899999999741e-02
8.640000000000000000e+02 7.834625200000000511e-02
8.650000000000000000e+02 7.777833900000000189e-02
8.660000000000000000e+02 7.696199400000000579e-02
8.670000000000000000e+02 7.636880899999999583e-02
8.680000000000000000e+02 7.556390799999999908e-02
8.690000000000000000e+02 7.471942900000000387e-02
8.700000000000000000e+02 7.439279599999999715e-02
8.710000000000000000e+02 7.330512999999999613e-02
8.720000000000000000e+02 7.289457300000000417e-02
8.730000000000000000e+02 7.204628000000000421e-02
8.740000000000000000e+02 7.179403299999999322e-02
8.750000000000000000e+02 7.073354699999999384e-02
8.760000000000000000e+02 7.037448899999999841e-02
8.770000000000000000e+02 6.944847099999999773e-02
8.780000000000000000e+02 6.909894900000000673e-02
8.790000000000000000e+02 6.816482499999999833e-02
8.800000000000000000e+02 6.797075299999999487e-02
8.810000000000000000e+02 6.653642699999999521e-02
8.820000000000000000e+02 6.625318500000000610e-02
8.830000000000000000e+02 6.547498699999999838e-02
8.840000000000000000e+02 6.509542499999999843e-02
8.850000000000000000e+02 6.457090399999999841e-02
8.860000000000000000e+02 6.410646400000000189e-02
8.870000000000000000e+02 6.339502299999999479e-02
8.880000000000000000e+02 6.294298199999999455e-02
8.890000000000000000e+02 6.218910200000000305e-02
8.900000000000000000e+02 6.172037100000000304e-02
8.910000000000000000e+02 6.085777299999999695e-02
8.920000000000000000e+02 6.045150800000000102e-02
8.930000000000000000e+02 5.960893600000000125e-02
8.940000000000000000e+02 5.938196200000000341e-02
8.950000000000000000e+02 5.880737300000000306e-02
8.960000000000000000e+02 5.852842300000000303e-02
8.970000000000000000e+02 5.779933899999999819e-02
8.980000000000000000e+02 5.774879499999999860e-02
8.990000000000000000e+02 5.668973900000000288e-02
9.000000000000000000e+02 5.645656599999999969e-02
9.010000000000000000e+02 5.577516600000000102e-02
9.020000000000000000e+02 5.552959400000000156e-02
9.030000000000000000e+02 5.476093299999999775e-02
9.040000000000000000e+02 5.469799000000000189e-02
9.050000000000000000e+02 5.392980599999999680e-02
9.060000000000000000e+02 5.350351300000000254e-02
9.070000000000000000e+02 5.293607699999999805e-02
9.080000000000000000e+02 5.231046699999999938e-02
9.090000000000000000e+02 5.205440499999999804e-02
9.100000000000000000e+02 5.175590499999999788e-02
9.110000000000000000e+02 5.151557899999999884e-02
9.120000000000000000e+02 5.082368899999999828e-02
9.130000000000000000e+02 5.063104599999999900e-02
9.140000000000000000e+02 4.996633500000000061e-02
9.150000000000000000e+02 4.984331100000000125e-02
9.160000000000000000e+02 4.940366699999999833e-02
9.170000000000000000e+02 4.903221099999999916e-02
9.180000000000000000e+02 4.853248599999999968e-02
9.190000000000000000e+02 4.829835899999999904e-02
9.200000000000000000e+02 4.778289799999999726e-02
9.210000000000000000e+02 4.742860799999999710e-02
9.220000000000000000e+02 4.718828199999999806e-02
9.230000000000000000e+02 4.657697699999999857e-02
9.240000000000000000e+02 4.662132299999999924e-02
9.250000000000000000e+02 4.603767400000000065e-02
9.260000000000000000e+02 4.581546799999999808e-02
9.270000000000000000e+02 4.556989699999999810e-02
9.280000000000000000e+02 4.483652099999999724e-02
9.290000000000000000e+02 4.489517199999999708e-02
9.300000000000000000e+02 4.435968400000000339e-02
9.310000000000000000e+02 4.409742400000000312e-02
9.320000000000000000e+02 4.389524499999999940e-02
9.330000000000000000e+02 4.353475600000000084e-02
9.340000000000000000e+02 4.335737199999999819e-02
9.350000000000000000e+02 4.295682900000000193e-02
9.360000000000000000e+02 4.284620299999999937e-02
9.370000000000000000e+02 4.256772999999999807e-02
9.380000000000000000e+02 4.219961199999999746e-02
9.390000000000000000e+02 4.199934000000000306e-02
9.400000000000000000e+02 4.158496899999999941e-02
9.410000000000000000e+02 4.132747700000000135e-02
9.420000000000000000e+02 4.109764099999999726e-02
9.430000000000000000e+02 4.093122500000000163e-02
9.440000000000000000e+02 4.074668900000000260e-02
9.450000000000000000e+02 4.031753500000000157e-02
9.460000000000000000e+02 4.009246799999999916e-02
9.470000000000000000e+02 3.982782399999999778e-02
9.480000000000000000e+02 3.955888700000000091e-02
9.490000000000000000e+02 3.921222700000000227e-02
9.500000000000000000e+02 3.903150600000000053e-02
9.510000000000000000e+02 3.874969500000000067e-02
9.520000000000000000e+02 3.839683499999999722e-02
9.530000000000000000e+02 3.779554400000000036e-02
9.540000000000000000e+02 3.746223399999999704e-02
9.550000000000000000e+02 3.717327100000000079e-02
9.560000000000000000e+02 3.694963500000000151e-02
9.570000000000000000e+02 3.700256300000000220e-02
9.580000000000000000e+02 3.681707399999999825e-02
9.590000000000000000e+02 3.700113299999999855e-02
9.600000000000000000e+02 3.670549399999999823e-02
9.610000000000000000e+02 3.659057599999999966e-02
9.620000000000000000e+02 3.654050799999999932e-02
9.630000000000000000e+02 3.641367000000000215e-02
9.640000000000000000e+02 3.689241399999999838e-02
9.650000000000000000e+02 3.667545299999999675e-02
9.660000000000000000e+02 3.651332899999999715e-02
9.670000000000000000e+02 3.634786599999999951e-02
9.680000000000000000e+02 3.639411900000000255e-02
9.690000000000000000e+02 3.632783900000000066e-02
9.700000000000000000e+02 3.616285300000000175e-02
9.710000000000000000e+02 3.600645100000000182e-02
9.720000000000000000e+02 3.576374100000000167e-02
9.730000000000000000e+02 3.637456900000000243e-02
9.740000000000000000e+02 3.602504699999999754e-02
9.750000000000000000e+02 3.581047100000000344e-02
9.760000000000000000e+02 3.558540300000000156e-02
9.770000000000000000e+02 3.534603099999999998e-02
9.780000000000000000e+02 3.531742100000000162e-02
9.790000000000000000e+02 3.523159000000000013e-02
9.800000000000000000e+02 3.510856600000000077e-02
9.810000000000000000e+02 3.492403000000000174e-02
9.820000000000000000e+02 3.500509300000000101e-02
9.830000000000000000e+02 3.519725800000000210e-02
9.840000000000000000e+02 3.461790099999999953e-02
9.850000000000000000e+02 3.474474000000000312e-02
9.860000000000000000e+02 3.443861000000000144e-02
9.870000000000000000e+02 3.451681100000000141e-02
9.880000000000000000e+02 3.420925100000000302e-02
9.890000000000000000e+02 3.424119899999999994e-02
9.900000000000000000e+02 3.382348999999999772e-02
9.910000000000000000e+02 3.425979600000000208e-02
9.920000000000000000e+02 3.356027600000000000e-02
9.930000000000000000e+02 3.362226499999999840e-02
9.940000000000000000e+02 3.312683100000000241e-02
9.950000000000000000e+02 3.286981600000000309e-02
9.960000000000000000e+02 3.270721399999999834e-02
9.970000000000000000e+02 3.250598899999999902e-02
9.980000000000000000e+02 3.246641200000000005e-02
9.990000000000000000e+02 3.225994100000000031e-02
1.000000000000000000e+03 3.195762600000000286e-02
1.001000000000000000e+03 3.144311899999999854e-02
1.002000000000000000e+03 3.177499799999999874e-02
1.003000000000000000e+03 3.132963200000000309e-02
1.004000000000000000e+03 3.103303899999999838e-02
1.005000000000000000e+03 3.060960799999999996e-02
1.006000000000000000e+03 3.052711500000000050e-02
1.007000000000000000e+03 3.039455400000000071e-02
1.008000000000000000e+03 2.980899799999999975e-02
1.009000000000000000e+03 3.020667999999999964e-02
1.010000000000000000e+03 2.971267699999999984e-02
1.011000000000000000e+03 2.926683399999999852e-02
1.012000000000000000e+03 2.949619300000000041e-02
1.013000000000000000e+03 2.877616900000000075e-02
1.014000000000000000e+03 2.908420600000000134e-02
1.015000000000000000e+03 2.833986299999999986e-02
1.016000000000000000e+03 2.754306800000000041e-02
1.017000000000000000e+03 2.789258999999999836e-02
1.018000000000000000e+03 2.756309499999999926e-02
1.019000000000000000e+03 2.755355799999999883e-02
1.020000000000000000e+03 2.703952800000000017e-02
1.021000000000000000e+03 2.657604200000000111e-02
1.022000000000000000e+03 2.593708000000000125e-02
1.023000000000000000e+03 2.625370000000000134e-02
1.024000000000000000e+03 2.583646800000000132e-02
1.025000000000000000e+03 2.566528300000000054e-02
1.026000000000000000e+03 2.543354000000000101e-02
1.027000000000000000e+03 2.516174300000000030e-02
1.028000000000000000e+03 2.445697800000000074e-02
1.029000000000000000e+03 2.395105399999999940e-02
1.030000000000000000e+03 2.433157000000000028e-02
1.031000000000000000e+03 2.337932599999999889e-02
1.032000000000000000e+03 2.341079700000000055e-02
1.033000000000000000e+03 2.278709400000000079e-02
1.034000000000000000e+03 2.229547499999999863e-02
1.035000000000000000e+03 2.232551600000000011e-02
1.036000000000000000e+03 2.242231399999999875e-02
1.037000000000000000e+03 2.127504300000000043e-02
1.038000000000000000e+03 2.097558999999999882e-02
1.039000000000000000e+03 2.068281199999999834e-02
