0.000000000000000000e+00 1.002420578808677078e+03 1.508765751350790651e+03 -4.379152307821003731e+00
6.060606060606060774e-02 9.149607988542877592e+02 1.421522038291903527e+03 8.720124177721891101e+01
1.212121212121212155e-01 8.447350244179752963e+02 1.335372299639328503e+03 1.584110103976936159e+02
1.818181818181818232e-01 7.797401419663776778e+02 1.279343206356262044e+03 2.195408913705814484e+02
2.424242424242424310e-01 7.134231494025577831e+02 1.211926341634596611e+03 2.867483006001840522e+02
3.030303030303030387e-01 6.692243513702979953e+02 1.163918368957667781e+03 3.273587866907773787e+02
3.636363636363636465e-01 6.236493102382180496e+02 1.133660714152036007e+03 3.710338885869863361e+02
4.242424242424242542e-01 5.791057065151586585e+02 1.077556700316525848e+03 4.102759793927115766e+02
4.848484848484848619e-01 5.543559551452812002e+02 1.047838159691048531e+03 4.569365531009166261e+02
5.454545454545454142e-01 5.148433076677677036e+02 1.009501951837836259e+03 4.820988489464771760e+02
6.060606060606060774e-01 4.866761652903268214e+02 9.765830805305400872e+02 5.145384841153874049e+02
6.666666666666667407e-01 4.503435857529761392e+02 9.533356100502916206e+02 5.383868112155918197e+02
7.272727272727272929e-01 4.321815540109269591e+02 9.323445519025029853e+02 5.766070620624402636e+02
7.878787878787878451e-01 4.029471741839514607e+02 9.001640046067331014e+02 5.871908650426324812e+02
8.484848484848485084e-01 3.965321164559060207e+02 8.968258478643456328e+02 6.056375253920938349e+02
9.090909090909091717e-01 3.666767824088909151e+02 8.693361153935294396e+02 6.232840337421624781e+02
9.696969696969697239e-01 3.472020781739469726e+02 8.482456527166026490e+02 6.565909080649253156e+02
1.030303030303030276e+00 3.319361209032394981e+02 8.273591277414717524e+02 6.612587299196939057e+02
1.090909090909090828e+00 3.109777350849403206e+02 8.230167818291748745e+02 6.811551128039988043e+02
1.151515151515151603e+00 3.086303677021028875e+02 7.948693326517272908e+02 7.022461857416691373e+02
1.212121212121212155e+00 2.882409707163631651e+02 7.878122394586646351e+02 7.145747470956840743e+02
1.272727272727272707e+00 2.739412535724650297e+02 7.822053642358052912e+02 7.249297084511138110e+02
1.333333333333333481e+00 2.510726422472388606e+02 7.532313245709729017e+02 7.492456640846580740e+02
1.393939393939394034e+00 2.462128009643263056e+02 7.544850942422444859e+02 7.551391917611446161e+02
1.454545454545454586e+00 2.290829946490352427e+02 7.458740842370129940e+02 7.605389765625442351e+02
1.515151515151515138e+00 2.309604336891704861e+02 7.368818155448683456e+02 7.657216174529520458e+02
1.575757575757575690e+00 2.272757309713541076e+02 7.178453417500879823e+02 7.805593269013357940e+02
1.636363636363636465e+00 2.049211291975260565e+02 7.098028184771256974e+02 7.999699935044664016e+02
1.696969696969697017e+00 1.936732127657933233e+02 7.035907990688118616e+02 7.915684349450502850e+02
1.757575757575757569e+00 1.871247659658947384e+02 6.827993336119880041e+02 8.070022029347337593e+02
1.818181818181818343e+00 1.791929618767794068e+02 6.819218572518507244e+02 8.250138650568388812e+02
1.878787878787878896e+00 1.786904999108465120e+02 6.708492306157935445e+02 8.138125599270053954e+02
1.939393939393939448e+00 1.757957288052301692e+02 6.637588185245485874e+02 8.258065087592107147e+02
2.000000000000000000e+00 1.659809555494382494e+02 6.546218601253945053e+02 8.353121255618708574e+02
2.060606060606060552e+00 1.568100663868997913e+02 6.600342769323243601e+02 8.458568196383995428e+02
2.121212121212121104e+00 1.555211698935485458e+02 6.454714939671375760e+02 8.561862205265988450e+02
2.181818181818181657e+00 1.426055757337221337e+02 6.406728189427760753e+02 8.633495959179975898e+02
2.242424242424242653e+00 1.427625896182177314e+02 6.340452642981415465e+02 8.577586383120702749e+02
2.303030303030303205e+00 1.328200998434761573e+02 6.284632780874219407e+02 8.570066488813819205e+02
2.363636363636363757e+00 1.361313517015822754e+02 6.343577924406367856e+02 8.668808969730555418e+02
2.424242424242424310e+00 1.273966607848742996e+02 6.215064180197022097e+02 8.810857331713186795e+02
2.484848484848484862e+00 1.121181401102955988e+02 6.119003015037654905e+02 8.734251591548132865e+02
2.545454545454545414e+00 1.092068554274736556e+02 6.241691550791114196e+02 8.927766867971955662e+02
2.606060606060605966e+00 1.016118876690417068e+02 6.146156825749451400e+02 8.853672406125315320e+02
2.666666666666666963e+00 1.169061770347951352e+02 6.133779471778798325e+02 8.847224783792723883e+02
2.727272727272727515e+00 1.107012322896249970e+02 5.991733371388362457e+02 9.029188043440917681e+02
2.787878787878788067e+00 8.964597924027391684e+01 6.050329108056527048e+02 8.953543931792983130e+02
2.848484848484848619e+00 1.003682724844985756e+02 5.967341293191037721e+02 8.988680186043026197e+02
2.909090909090909172e+00 9.378583996168590886e+01 6.021232740856529517e+02 9.140684215966565489e+02
2.969696969696969724e+00 9.198581205972413954e+01 5.812156469728192860e+02 9.102365674172989429e+02
3.030303030303030276e+00 8.982367601539127122e+01 5.941645082167838154e+02 9.088024612202975732e+02
3.090909090909090828e+00 7.437099687870940556e+01 5.907939210874005767e+02 9.187994520972249575e+02
3.151515151515151381e+00 7.745896908921750423e+01 5.738004869649106467e+02 9.272775317630257632e+02
3.212121212121212377e+00 8.576229004970254266e+01 5.847484180856846478e+02 9.299454319538599520e+02
3.272727272727272929e+00 7.339723507371103040e+01 5.748555225766014019e+02 9.344460340416729878e+02
3.333333333333333481e+00 7.233561266629293129e+01 5.731240487390919043e+02 9.357437060699844551e+02
3.393939393939394034e+00 7.113553511203443236e+01 5.791536067210225838e+02 9.352155687557963120e+02
3.454545454545454586e+00 5.894826996581927148e+01 5.617220749316724095e+02 9.363609144172505694e+02
3.515151515151515138e+00 7.118581218819710443e+01 5.586360447106445690e+02 9.339123237727407059e+02
3.575757575757575690e+00 6.078006185005924067e+01 5.692741416407127417e+02 9.413503184329628084e+02
3.636363636363636687e+00 6.446468508973921985e+01 5.567757858347906676e+02 9.456303149766449678e+02
3.696969696969697239e+00 6.848183664312175267e+01 5.661536206900605066e+02 9.316251846849845606e+02
3.757575757575757791e+00 5.538024858034301445e+01 5.590651170050218752e+02 9.515009760609115119e+02
3.818181818181818343e+00 5.682817170676021590e+01 5.479193937630629989e+02 9.365375758268502295e+02
3.878787878787878896e+00 5.200838685623119062e+01 5.463159090930639650e+02 9.397417232314750208e+02
3.939393939393939448e+00 5.459774929140159827e+01 5.419541738182409745e+02 9.575423273474077632e+02
4.000000000000000000e+00 5.483086929872118276e+01 5.406185392066931854e+02 9.423270999938143859e+02
4.060606060606060552e+00 3.885297932296810330e+01 5.485010101474429121e+02 9.523770847582885608e+02
4.121212121212121104e+00 3.697914550745234408e+01 5.501454113805654060e+02 9.470858906369340957e+02
4.181818181818181657e+00 4.569806899158970026e+01 5.400692333764803834e+02 9.564002225044743000e+02
4.242424242424242209e+00 4.532101947794619434e+01 5.483831267422573319e+02 9.472146989095381286e+02
4.303030303030302761e+00 4.827534348378880935e+01 5.449270082746717208e+02 9.502504147098753720e+02
4.363636363636363313e+00 4.608488654561679709e+01 5.420413739043850683e+02 9.537397720054432284e+02
4.424242424242424754e+00 4.669806674005612734e+01 5.486291517005367950e+02 9.544733764600603081e+02
4.484848484848485306e+00 4.722990362873650838e+01 5.336652197579743415e+02 9.570051461092826912e+02
4.545454545454545858e+00 3.771183297667447221e+01 5.331108063125351464e+02 9.713412235187026909e+02
4.606060606060606410e+00 3.393854898336288528e+01 5.281964650690099461e+02 9.550834832684587354e+02
4.666666666666666963e+00 3.860092718489282504e+01 5.309981238271741404e+02 9.612567535173809574e+02
4.727272727272727515e+00 3.083865114346956204e+01 5.382462265981251903e+02 9.567773766559454316e+02
4.787878787878788067e+00 3.172233094718529500e+01 5.355409626189405117e+02 9.619343298123121713e+02
4.848484848484848619e+00 2.619648044540305776e+01 5.369425465133156194e+02 9.769972628292489389e+02
4.909090909090909172e+00 2.622299504227799716e+01 5.369832655097254701e+02 9.663467803075756137e+02
4.969696969696969724e+00 2.056408879545920243e+01 5.296777133260569599e+02 9.787085472230918413e+02
5.030303030303030276e+00 3.394261805985951241e+01 5.225026086016788440e+02 9.798335675829356433e+02
5.090909090909090828e+00 3.287013415218083878e+01 5.327391101386182299e+02 9.749211527596378346e+02
5.151515151515151381e+00 3.282478529530452249e+01 5.361084751991880921e+02 9.722572928658952378e+02
5.212121212121211933e+00 2.987888286175011743e+01 5.313326190449579371e+02 9.814115437172250722e+02
5.272727272727272485e+00 2.258563888476331272e+01 5.324499767724977346e+02 9.795765780972145649e+02
5.333333333333333925e+00 2.468167940040174813e+01 5.212014561598174396e+02 9.709149365913358452e+02
5.393939393939394478e+00 1.977135769582941194e+01 5.241372834853203813e+02 9.832496695636278901e+02
5.454545454545455030e+00 1.831380051772907436e+01 5.210667743907683871e+02 9.675277308649629049e+02
5.515151515151515582e+00 1.362835050892540956e+01 5.236156284886030789e+02 9.722872097324039942e+02
5.575757575757576134e+00 2.623453725507165402e+01 5.192911759355016557e+02 9.781426891738750555e+02
5.636363636363636687e+00 2.816296681994131390e+01 5.128085381294774834e+02 9.745708349940317703e+02
5.696969696969697239e+00 1.753142894461665691e+01 5.216895621011459525e+02 9.702366521891419779e+02
5.757575757575757791e+00 2.484293496801888068e+01 5.198138317050460273e+02 9.806326944802921162e+02
5.818181818181818343e+00 9.549087132221915297e+00 5.221329999344262660e+02 9.737650047190539908e+02
5.878787878787878896e+00 1.322374029880624136e+01 5.224295704762870400e+02 9.875642931765255526e+02
5.939393939393939448e+00 2.114314192174681040e+01 5.203260967132691803e+02 9.868791367350681867e+02
6.000000000000000000e+00 2.496881348460638961e+01 5.196021845198029041e+02 9.822276852351635625e+02
